0.0004
0.0002
0.0002
0.0001
0.0001
0.0000
0
0.0000
0
0
0.0000
0
0
0.0000
0
0.0001
0.0001
0.0002
0.0000
0.0004
0.0011
0.0015
0.0011
0
0.0041
0.0072
0.0096
0.0180
0.0180
0.0227
0.0229
0.0221
0.0155
0.0153
0.0155
0.0139
0.0091
0.0087
0.0068
0.0060
0.0038
0.0043
0.0042
0.0063
0.0061
0.0115
0.0158
0.0326
0.0214
0.0251
0.0230
0.0237
0.0154
0.0117
0.0072
0.0059
0.0037
0.0038
0.0029
0.0040
0.0031
0.0044
0.0059
0.0131
0.0121
0.0214
0.0239
0.0453
0.0348
0.0462
0.0423
0.0590
0.0393
0.0427
0.0336
0.0311
0.0176
0.0159
0.0104
0.0075
0.0040
0.0049
0.0033
0.0023
0.0024
0.0024
0.0027
0.0032
0.0022
0.0026
0.0018
0.0021
0.0013
0.0012
0.0005
0
0.0004